1	1
2	3
3	5
4	8
5	10
6	10
7	11
8	11
9	39
10	68
11	69
12	72
13	95
14	105
15	113
16	116
17	116
18	140
19	145
20	172
21	207
22	208
23	211
24	212
25	218
26	218
27	221
28	221
29	221
30	318
31	318
32	320
33	324
34	429
35	430
36	434
37	523
38	526
39	526
40	526
41	742
42	819
43	1020
44	1051
45	1159
46	1160
47	1164
48	1164
49	1648
50	4153
51	4181
52	9249
53	9249
54	9249
55	9265
56	9265
57	16795
58	17214
59	17292
60	17292
61	17292
62	17306
63	17306
64	17313
65	17324
66	17326
67	17385
68	17387
69	17398
70	17401
71	17415
72	17423
73	17427
74	17430
75	17431
76	17433
77	17449
78	18348
79	18349
80	18350
81	18352
82	18354
83	18382
84	18383
85	18416
86	18419
87	18420
88	18421
89	18422
90	18423
91	18424
92	18429
93	18434
94	18446
95	18518
96	18542
97	18544
98	18544
99	18626
100	18634
101	18637
102	18637
103	21347
104	21352
105	21406
106	21431
107	21431
108	21433
109	21457
110	21457
111	21469
112	21469
113	21469
114	21489
115	21513
116	21513
117	21513
118	21514
119	21514
120	21514
121	21515
122	21515
123	21515
124	21515
125	21516
126	21528
127	21528
128	21538
129	21538
130	21538
131	21538
132	21538
133	21538
134	21538
135	21538
136	21538
137	21543
138	21544
139	24642
140	24642
141	24642
142	24643
143	26204
144	27765
145	27765
146	27771
147	27777
148	27777
149	27821
150	27890
151	27892
152	32562
153	43252
