"AOP_ID"	"Vs"	"Es"	"MIEs"	"AOs"	"origins"	"termini"	"borrow"	"adjE"	"non_adjE"	"weakC"	"strongC"	"LAOPS"	"ADJ_LAOPS"
1	4	3	1	1	1	1	0	3	0	1	0	1	1
3	11	11	2	2	2	2	0	10	1	2	1	3	2
4	16	16	3	3	3	3	0	14	2	3	1	5	3
6	25	26	4	4	4	4	0	22	4	4	1	8	4
7	30	30	5	6	5	6	0	26	4	5	1	10	6
8	39	39	6	7	7	9	0	32	7	8	1	10	6
10	45	44	7	8	8	10	0	37	7	9	1	11	7
11	46	44	8	8	8	11	0	37	7	10	1	11	7
12	54	62	9	10	9	13	1	50	12	9	1	39	21
13	57	70	9	10	9	13	7	56	14	9	1	68	34
14	64	76	10	11	10	15	0	62	14	10	1	69	35
15	68	81	11	12	11	16	0	65	16	11	1	72	36
16	74	96	12	13	12	17	1	73	23	11	2	95	41
17	79	102	13	13	13	17	2	79	23	11	2	105	49
18	86	112	14	14	14	18	1	88	24	11	2	113	55
19	91	118	15	15	15	19	0	92	26	12	2	116	56
21	96	123	16	15	16	20	0	97	26	12	2	116	56
23	104	137	17	16	17	21	2	106	31	11	2	140	62
25	105	138	18	16	18	21	7	107	31	11	2	145	65
26	113	146	19	17	19	24	0	115	31	11	2	172	78
27	121	159	20	18	20	25	0	124	35	11	2	207	95
28	127	164	21	19	21	26	0	129	35	12	2	208	96
29	134	170	22	22	22	29	2	135	35	13	2	211	99
30	135	171	23	22	23	29	5	136	35	13	2	212	100
31	145	183	24	23	24	33	0	146	37	14	2	218	102
32	151	188	24	23	25	34	0	151	37	15	2	218	102
33	153	190	25	24	26	35	1	153	37	15	2	221	105
34	163	206	26	24	28	35	0	169	37	14	2	221	105
36	171	214	29	24	31	36	0	177	37	14	2	221	105
38	177	225	30	25	32	37	1	186	39	14	3	318	147
39	179	226	31	25	33	38	0	187	39	15	3	318	147
40	184	231	32	26	34	39	0	191	40	16	3	320	148
41	189	238	33	27	35	40	0	195	43	17	3	324	149
42	192	244	34	28	35	40	5	198	46	17	3	429	173
43	197	249	35	29	36	41	0	203	46	17	3	430	174
46	203	257	36	30	38	42	0	208	49	18	3	434	175
48	207	263	37	30	39	42	5	213	50	18	3	523	220
51	210	267	37	30	39	42	5	217	50	18	3	526	222
52	210	267	37	30	39	42	1	217	50	18	3	526	222
53	210	267	37	30	39	42	2	217	50	18	3	526	222
54	213	273	38	30	40	42	7	221	52	18	3	742	266
57	222	293	38	31	40	43	4	237	56	17	3	819	304
58	232	323	40	32	42	44	5	257	66	17	3	1020	376
60	238	335	40	32	42	44	6	269	66	17	3	1051	400
61	244	342	42	32	45	45	3	276	66	17	3	1159	448
62	247	345	43	32	46	45	1	279	66	17	3	1160	449
63	251	351	43	34	46	47	1	285	66	16	3	1164	453
65	253	353	43	34	47	47	5	287	66	16	3	1164	453
77	258	362	44	35	48	48	2	293	69	16	3	1648	625
78	261	368	44	36	48	49	5	297	71	16	3	4153	911
79	262	371	44	36	48	49	4	299	72	16	3	4181	922
80	266	379	44	37	48	50	4	303	76	16	3	9249	1076
81	268	381	44	37	49	50	3	305	76	16	3	9249	1076
82	268	381	44	37	49	50	4	305	76	16	3	9249	1076
84	270	385	44	37	49	49	4	309	76	15	3	9265	1082
85	270	385	44	37	49	49	5	309	76	15	3	9265	1082
86	274	392	44	37	50	49	3	314	78	15	3	16795	1370
87	275	394	44	37	50	49	7	316	78	15	3	17214	1514
88	276	397	44	37	50	49	6	319	78	15	3	17292	1530
89	276	397	44	37	50	49	8	319	78	15	3	17292	1530
90	276	397	44	37	50	49	8	319	78	15	3	17292	1530
91	282	406	45	40	51	52	0	325	81	15	3	17306	1535
93	282	406	45	40	51	52	4	325	81	15	3	17306	1535
94	284	408	45	41	51	53	4	327	81	15	3	17313	1538
95	285	409	46	41	52	53	5	328	81	15	3	17324	1544
96	290	414	47	41	53	53	1	333	81	15	3	17326	1546
97	300	435	48	43	54	54	0	347	88	15	4	17385	1561
98	302	438	48	43	54	54	3	350	88	15	4	17387	1563
99	308	445	49	44	55	55	1	357	88	15	4	17398	1572
100	312	450	49	44	55	55	3	362	88	15	4	17401	1575
101	315	455	49	45	55	56	4	367	88	15	4	17415	1589
102	322	464	49	45	55	56	3	375	89	15	4	17423	1593
103	324	467	49	45	55	56	8	378	89	15	4	17427	1597
104	327	470	50	45	56	56	1	381	89	15	4	17430	1600
105	333	475	51	46	57	57	0	386	89	16	4	17431	1601
106	339	481	52	47	58	58	0	391	90	17	4	17433	1602
107	344	487	53	48	59	59	0	396	91	17	4	17449	1614
108	348	492	54	48	60	59	2	400	92	17	4	18348	1706
109	353	496	55	49	61	60	0	404	92	18	4	18349	1707
110	359	501	56	50	62	61	0	409	92	19	4	18350	1708
111	364	506	57	51	63	62	0	413	93	20	4	18352	1709
112	370	512	58	52	64	63	0	418	94	21	4	18354	1710
113	375	518	59	53	65	64	1	424	94	21	4	18382	1724
114	381	523	60	54	66	65	0	429	94	22	4	18383	1725
115	384	527	61	54	67	65	2	433	94	21	4	18416	1751
116	386	530	62	54	68	65	2	436	94	21	4	18419	1754
117	387	531	63	54	69	65	3	437	94	21	4	18420	1755
118	389	533	64	54	70	65	2	439	94	21	4	18421	1756
119	390	535	64	54	70	65	6	441	94	20	4	18422	1757
120	393	538	65	54	71	65	2	444	94	20	4	18423	1758
121	398	542	66	55	72	66	0	448	94	21	4	18424	1759
122	401	545	67	55	73	66	7	451	94	21	4	18429	1762
123	403	547	68	55	74	66	9	453	94	21	4	18434	1765
124	409	553	69	56	75	67	0	459	94	21	4	18446	1775
128	419	577	69	57	75	68	1	483	94	21	4	18518	1823
130	430	602	70	58	76	69	0	508	94	22	4	18542	1847
131	435	609	70	59	76	70	1	514	95	22	5	18544	1848
134	435	609	70	59	76	70	9	514	95	22	5	18544	1848
136	441	618	71	60	77	71	1	522	96	21	5	18626	1889
138	448	627	72	60	78	71	2	531	96	21	6	18634	1897
139	449	629	72	61	78	72	2	532	97	21	6	18637	1898
141	449	629	72	61	78	72	4	532	97	21	6	18637	1898
144	452	634	73	62	79	73	4	536	98	21	6	21347	2121
148	462	647	74	63	80	74	0	547	100	22	6	21352	2124
149	472	659	74	64	80	75	1	559	100	22	6	21406	2166
150	476	666	74	65	80	76	4	565	101	22	6	21431	2186
152	476	666	74	65	80	76	6	565	101	22	6	21431	2186
154	486	678	75	66	81	79	0	575	103	23	6	21433	2187
155	493	693	76	66	82	79	1	584	109	23	6	21457	2193
156	493	693	76	66	82	79	7	584	109	23	6	21457	2193
157	494	696	77	66	83	79	7	585	111	23	6	21469	2195
158	494	696	77	66	83	79	7	585	111	23	6	21469	2195
159	494	696	77	66	83	79	8	585	111	23	6	21469	2195
160	499	703	78	66	84	79	2	591	112	23	6	21489	2207
161	501	706	79	66	85	79	5	594	112	23	6	21513	2227
162	508	712	79	67	86	80	0	600	112	24	6	21513	2227
163	516	721	79	67	87	84	0	608	113	24	6	21513	2227
164	522	726	80	68	88	85	0	613	113	25	6	21514	2228
165	532	737	80	70	90	87	0	623	114	26	6	21514	2228
166	539	744	80	71	91	89	0	629	115	27	6	21514	2228
167	546	750	81	72	92	90	0	635	115	28	6	21515	2229
168	555	761	81	73	93	91	0	645	116	29	6	21515	2229
169	557	763	81	74	93	92	5	647	116	29	6	21515	2229
170	560	767	81	74	94	92	2	650	117	29	6	21515	2229
171	564	772	81	75	95	93	2	655	117	29	6	21516	2230
175	567	778	81	76	95	94	3	660	118	29	6	21528	2234
176	567	778	81	76	95	94	7	660	118	29	6	21528	2234
177	570	782	82	76	96	94	8	664	118	29	6	21538	2244
178	570	782	82	76	96	94	4	664	118	29	6	21538	2244
179	571	783	82	76	97	94	2	665	118	29	6	21538	2244
180	571	783	82	76	97	94	3	665	118	29	6	21538	2244
181	571	783	82	76	97	94	2	665	118	29	6	21538	2244
182	571	783	82	76	97	94	3	665	118	29	6	21538	2244
183	572	784	82	76	98	94	3	666	118	29	6	21538	2244
184	572	784	82	76	98	94	3	666	118	29	6	21538	2244
185	572	784	82	76	98	94	2	666	118	29	6	21538	2244
186	574	786	83	76	99	94	5	668	118	29	6	21543	2249
187	583	793	84	77	100	96	0	675	118	31	6	21544	2250
188	584	794	85	77	101	96	6	676	118	31	6	24642	2459
189	584	794	85	77	101	96	4	676	118	31	6	24642	2459
190	584	794	85	77	101	96	3	676	118	31	6	24642	2459
191	586	796	86	77	102	96	1	678	118	31	6	24643	2460
192	587	797	87	77	103	96	5	679	118	31	6	26204	2669
193	588	798	88	77	104	96	5	680	118	31	6	27765	2878
194	590	801	89	77	105	96	6	683	118	31	6	27765	2878
195	594	808	89	78	105	97	3	688	120	31	6	27771	2880
196	608	825	90	81	108	100	0	704	121	32	7	27777	2883
197	610	827	90	81	108	101	1	706	121	32	7	27777	2883
200	627	851	91	82	110	104	2	727	124	32	7	27821	2901
201	632	856	92	84	111	106	1	732	124	32	7	27890	2934
206	639	863	93	85	112	107	0	739	124	33	7	27892	2936
207	646	874	94	87	113	108	1	750	124	33	7	32562	3599
NA	750	1058	98	91	131	123	1	904	154	34	7	43252	4654
